LECROYSDA6000A 1113 Waveform
Segments 1 SegmentSize 502
Segment TrigTime TimeSinceSegment1
#1 22-Oct-2014 11:18:34 0                 
Time Ampl
-2.8281e-008 0.0092629
-2.8181e-008 -0.020931
-2.8081e-008 0.00558577
-2.7981e-008 -0.00580815
-2.7881e-008 0.00553398
-2.7781e-008 0.00475712
-2.7681e-008 0.0214855
-2.7581e-008 -0.00301146
-2.7481e-008 -0.0113497
-2.7381e-008 0.0181709
-2.7281e-008 0.0160993
-2.7181e-008 -0.036261
-2.7081e-008 0.00278908
-2.6981e-008 -0.00145774
-2.6881e-008 -0.0103139
-2.6781e-008 0.0157885
-2.6681e-008 0.027286
-2.6581e-008 -0.0203613
-2.6481e-008 0.00346236
-2.6381e-008 -0.00285609
-2.6281e-008 -0.010055
-2.6181e-008 0.0181709
-2.6081e-008 0.0120596
-2.5981e-008 -0.0111426
-2.5881e-008 0.0219516
-2.5781e-008 -0.0151822
-2.5681e-008 -0.0146125
-2.5581e-008 0.0314293
-2.5481e-008 0.0273896
-2.5381e-008 -0.00839768
-2.5281e-008 0.00527503
-2.5181e-008 -0.00420264
-2.5081e-008 0.0010282
-2.4981e-008 0.0358314
-2.4881e-008 -0.000991627
-2.4781e-008 -0.0098996
-2.4681e-008 -0.00404727
-2.4581e-008 -0.0192219
-2.4481e-008 -0.0105729
-2.4381e-008 0.0169797
-2.4281e-008 0.026043
-2.4181e-008 -0.00870842
-2.4081e-008 0.00812351
-2.3981e-008 -0.0202059
-2.3881e-008 0.00584472
-2.3781e-008 -0.00756903
-2.3681e-008 0.0198282
-2.3581e-008 -0.00233818
-2.3481e-008 -0.0112979
-2.3381e-008 0.00884858
-2.3281e-008 -0.0082423
-2.3181e-008 0.0170833
-2.3081e-008 0.022832
-2.2981e-008 0.00677695
-2.2881e-008 0.00739844
-2.2781e-008 -0.00627426
-2.2681e-008 0.00185685
-2.2581e-008 0.032724
-2.2481e-008 0.0258359
-2.2381e-008 -0.00611889
-2.2281e-008 -0.00689575
-2.2181e-008 -0.00803514
-2.2081e-008 0.00745023
-2.1981e-008 0.00460175
-2.1881e-008 0.020864
-2.1781e-008 0.00776097
-2.1681e-008 0.00739844
-2.1581e-008 -0.0071547
-2.1481e-008 0.00594831
-2.1381e-008 0.00496429
-2.1281e-008 0.0243857
-2.1181e-008 -0.0197398
-2.1081e-008 0.00460175
-2.0981e-008 -0.0136803
-2.0881e-008 -0.0266797
-2.0781e-008 0.0182745
-2.0681e-008 0.0135097
-2.0581e-008 -0.0205167
-2.0481e-008 -0.0093817
-2.0381e-008 -0.00648143
-2.0281e-008 0.00392847
-2.0181e-008 0.0202425
-2.0081e-008 0.00864141
-1.9981e-008 0.00366952
-1.9881e-008 0.01988
-1.9781e-008 0.0098326
-1.9681e-008 -0.0066368
-1.9581e-008 0.00196043
-1.9481e-008 0.0247483
-1.9381e-008 -0.00632605
-1.9281e-008 0.00563756
-1.9181e-008 -0.00503129
-1.9081e-008 0.00247834
-1.8981e-008 0.023816
-1.8881e-008 -0.00731007
-1.8781e-008 0.0175494
-1.8681e-008 0.00931469
-1.8581e-008 0.00677695
-1.8481e-008 -0.00415085
-1.8381e-008 -0.0111944
-1.8281e-008 0.0207086
-1.8181e-008 0.00822709
-1.8081e-008 0.00765739
-1.7981e-008 -0.00767261
-1.7881e-008 0.00745023
-1.7781e-008 -0.00668859
-1.7681e-008 0.00713949
-1.7581e-008 -0.00705112
-1.7481e-008 0.00827888
-1.7381e-008 -0.017461
-1.7281e-008 -0.0128517
-1.7181e-008 0.0187406
-1.7081e-008 0.0239196
-1.6981e-008 -0.0049795
-1.6881e-008 -0.00684396
-1.6781e-008 -0.0189629
-1.6681e-008 -0.00917453
-1.6581e-008 0.00439459
-1.6481e-008 0.0209158
-1.6381e-008 0.00770918
-1.6281e-008 0.00729486
-1.6181e-008 -0.00725828
-1.6081e-008 0.00553398
-1.5981e-008 0.0070877
-1.5881e-008 0.00879679
-1.5781e-008 -0.00674038
-1.5681e-008 -0.00311504
-1.5581e-008 -0.0334643
-1.5481e-008 -0.011039
-1.5381e-008 0.00636263
-1.5281e-008 0.0125257
-1.5181e-008 -0.0260065
-1.5081e-008 0.0315846
-1.4981e-008 0.000147765
-1.4881e-008 -0.00979602
-1.4781e-008 -0.00668859
-1.4681e-008 -0.00368474
-1.4581e-008 -0.0211381
-1.4481e-008 0.00273729
-1.4381e-008 0.00972902
-1.4281e-008 -0.00461697
-1.4181e-008 -0.0118676
-1.4081e-008 0.0217962
-1.3981e-008 -0.00472055
-1.3881e-008 0.00532682
-1.3781e-008 -0.00560099
-1.3681e-008 0.0021676
-1.3581e-008 0.023816
-1.3481e-008 -0.00803514
-1.3381e-008 0.0202425
-1.3281e-008 -0.0134731
-1.3181e-008 -0.0234169
-1.3081e-008 -0.00912274
-1.2981e-008 0.0168243
-1.2881e-008 0.0256287
-1.2781e-008 -0.0066368
-1.2681e-008 -0.00674038
-1.2581e-008 -0.0098996
-1.2481e-008 0.0203461
-1.2381e-008 0.00791635
-1.2281e-008 0.00796814
-1.2181e-008 -0.0071547
-1.2081e-008 0.00449817
-1.1981e-008 0.00978081
-1.1881e-008 -0.00860484
-1.1781e-008 0.0165654
-1.1681e-008 0.0252662
-1.1581e-008 -0.00751724
-1.1481e-008 0.00910753
-1.1381e-008 -0.0306158
-1.1281e-008 -0.0139911
-1.1181e-008 0.0210194
-1.1081e-008 0.0121632
-1.0981e-008 -0.0202059
-1.0881e-008 -0.00995139
-1.0781e-008 -0.00270072
-1.0681e-008 -0.0212417
-1.0581e-008 0.00211581
-1.0481e-008 0.0128364
-1.0381e-008 -0.0216043
-1.0281e-008 0.00366952
-1.0181e-008 -0.00311504
-1.0081e-008 -0.0093299
-9.98102e-009 0.0070877
-9.88102e-009 -0.00420264
-9.78102e-009 -0.00876021
-9.68102e-009 0.00361773
-9.58102e-009 0.0205532
-9.48102e-009 0.00910753
-9.38102e-009 0.00237476
-9.28102e-009 0.0241786
-9.18102e-009 -0.0147679
-9.08102e-009 -0.0256957
-8.98102e-009 0.00729486
-8.88102e-009 -0.00435801
-8.78102e-009 0.00170148
-8.68102e-009 0.0229874
-8.58102e-009 -0.00456517
-8.48102e-009 -0.00565278
-8.38102e-009 -0.0212417
-8.28102e-009 0.00242655
-8.18102e-009 0.0218998
-8.08102e-009 0.00900395
-7.98102e-009 -0.00658501
-7.88102e-009 -0.00756903
-7.78102e-009 -0.00487592
-7.68102e-009 -0.015493
-7.58102e-009 -0.0365199
-7.48102e-009 -0.0060671
-7.38102e-009 -0.0261618
-7.28102e-009 -0.05677
-7.18102e-009 -0.0828725
-7.08102e-009 -0.0974256
-6.98102e-009 -0.106023
-6.88102e-009 -0.151132
-6.78102e-009 -0.243941
-6.68102e-009 -0.319245
-6.58102e-009 -0.340738
-6.48102e-009 -0.405787
-6.38102e-009 -0.447323
-6.28102e-009 -0.512734
-6.18102e-009 -0.556911
-6.08102e-009 -0.595961
-5.98102e-009 -0.628279
-5.88102e-009 -0.637964
-5.78102e-009 -0.670902
-5.68102e-009 -0.657592
-5.58102e-009 -0.672197
-5.48102e-009 -0.659612
-5.38102e-009 -0.665827
-5.28102e-009 -0.610152
-5.18102e-009 -0.610256
-5.08102e-009 -0.562971
-4.98102e-009 -0.524231
-4.88102e-009 -0.451103
-4.78102e-009 -0.462601
-4.68102e-009 -0.426192
-4.58102e-009 -0.430698
-4.48102e-009 -0.424379
-4.38102e-009 -0.405061
-4.28102e-009 -0.405579
-4.18102e-009 -0.402576
-4.08102e-009 -0.415109
-3.98102e-009 -0.427746
-3.88102e-009 -0.440797
-3.78102e-009 -0.451518
-3.68102e-009 -0.479899
-3.58102e-009 -0.480727
-3.48102e-009 -0.503826
-3.38102e-009 -0.516049
-3.28102e-009 -0.470421
-3.18102e-009 -0.473839
-3.08102e-009 -0.433546
-2.98102e-009 -0.431889
-2.88102e-009 -0.421117
-2.78102e-009 -0.402472
-2.68102e-009 -0.323957
-2.58102e-009 -0.272581
-2.48102e-009 -0.271235
-2.38102e-009 -0.18925
-2.28102e-009 -0.169622
-2.18102e-009 -0.132954
-2.08102e-009 -0.116433
-1.98102e-009 -0.0911072
-1.88102e-009 -0.0711678
-1.78102e-009 -0.0781077
-1.68102e-009 -0.0353805
-1.58102e-009 -0.0313409
-1.48102e-009 -0.0280263
-1.38102e-009 -0.0576505
-1.28102e-009 -0.0460494
-1.18102e-009 -0.0433045
-1.08102e-009 -0.0416472
-9.81015e-010 -0.0595667
-8.81015e-010 -0.0415436
-7.81015e-010 -0.0788846
-6.81015e-010 -0.088673
-5.81015e-010 -0.0718411
-4.81015e-010 -0.0678532
-3.81015e-010 -0.0885694
-2.81015e-010 -0.0554235
-1.81015e-010 -0.10913
-8.10154e-011 -0.0892945
1.89846e-011 -0.0967006
1.18985e-010 -0.0897088
2.18985e-010 -0.0725144
3.18985e-010 -0.0731876
4.18985e-010 -0.0739127
5.18985e-010 -0.0656262
6.18985e-010 -0.0317552
7.18985e-010 -0.0573397
8.18985e-010 -0.0524714
9.18985e-010 -0.0313927
1.01898e-009 -0.0451172
1.11898e-009 -0.0472924
1.21898e-009 -0.047396
1.31898e-009 -0.0427866
1.41898e-009 -0.0608615
1.51898e-009 -0.0459458
1.61898e-009 -0.0560968
1.71898e-009 -0.0714268
1.81898e-009 -0.0740681
1.91898e-009 -0.0695623
2.01898e-009 -0.0867568
2.11898e-009 -0.0722036
2.21898e-009 -0.0860317
2.31898e-009 -0.072359
2.41898e-009 -0.093127
2.51898e-009 -0.11809
2.61898e-009 -0.0762951
2.71898e-009 -0.0700284
2.81898e-009 -0.0759843
2.91898e-009 -0.0597739
3.01898e-009 -0.0730841
3.11898e-009 -0.0629331
3.21898e-009 -0.0481728
3.31898e-009 -0.0436152
3.41898e-009 -0.0622081
3.51898e-009 -0.0357431
3.61898e-009 -0.0410257
3.71898e-009 -0.0645904
3.81898e-009 -0.0227954
3.91898e-009 -0.0281817
4.01898e-009 -0.037504
4.11898e-009 -0.0155448
4.21898e-009 -0.0573915
4.31898e-009 -0.0477067
4.41898e-009 -0.0502962
4.51898e-009 -0.0127999
4.61898e-009 -0.0751557
4.71898e-009 -0.0140946
4.81898e-009 -0.015234
4.91898e-009 -0.0103139
5.01898e-009 -0.00539382
5.11898e-009 -0.00974423
5.21898e-009 0.00931469
5.31898e-009 -0.016477
5.41898e-009 -0.0318588
5.51898e-009 -0.0379701
5.61898e-009 0.00382489
5.71898e-009 0.0110756
5.81898e-009 -0.00725828
5.91898e-009 -0.00523845
6.01898e-009 -0.0188076
6.11898e-009 -0.0181861
6.21898e-009 -0.0249706
6.31898e-009 0.0111274
6.41898e-009 -0.029839
6.51898e-009 -0.0320142
6.61898e-009 -0.0507105
6.71898e-009 -0.00585994
6.81898e-009 -0.0302533
6.91898e-009 -0.0211381
7.01898e-009 -0.0329982
7.11898e-009 -0.018445
7.21898e-009 -0.0455315
7.31898e-009 -0.0267315
7.41898e-009 -0.00347757
7.51898e-009 -0.0188076
7.61898e-009 -0.0214489
7.71898e-009 -0.0184968
7.81898e-009 -0.0323249
7.91898e-009 -0.0251778
8.01898e-009 0.00713949
8.11898e-009 -0.0125409
8.21898e-009 -0.0405078
8.31898e-009 0.00703591
8.41898e-009 -0.0175128
8.51898e-009 -0.00829409
8.61898e-009 -0.00907095
8.71898e-009 0.00993618
8.81898e-009 -0.0191701
8.91898e-009 -0.00787977
9.01898e-009 -0.0173574
9.11898e-009 -0.0209828
9.21898e-009 -0.0103139
9.31898e-009 0.0121632
9.41898e-009 -0.0329464
9.51898e-009 -0.00922632
9.61898e-009 -0.0181343
9.71898e-009 -0.0077244
9.81898e-009 -0.0098996
9.91898e-009 0.0219516
1.0019e-008 -0.0146125
1.0119e-008 -0.0245563
1.0219e-008 -0.00642963
1.0319e-008 -0.00741365
1.0419e-008 0.00734665
1.0519e-008 -0.00684396
1.0619e-008 0.00605189
1.0719e-008 -0.00472055
1.0819e-008 -0.00617068
1.0919e-008 -0.0188594
1.1019e-008 -0.00984781
1.1119e-008 -0.00026656
1.1219e-008 -0.035018
1.1319e-008 -0.0100032
1.1419e-008 -0.00368474
1.1519e-008 -0.0180307
1.1619e-008 -0.0215525
1.1719e-008 -0.0186522
1.1819e-008 -0.0207756
1.1919e-008 -0.0098996
1.2019e-008 0.00755381
1.2119e-008 -0.00653322
1.2219e-008 0.0037731
1.2319e-008 0.00879679
1.2419e-008 -0.0054974
1.2519e-008 -0.00741365
1.2619e-008 -0.00611889
1.2719e-008 -0.00653322
1.2819e-008 -0.00492771
1.2919e-008 -0.0193255
1.3019e-008 -0.0109354
1.3119e-008 0.0105577
1.3219e-008 -0.0188076
1.3319e-008 -0.00870842
1.3419e-008 -0.0077244
1.3519e-008 0.00750202
1.3619e-008 -0.0055492
1.3719e-008 -0.00570457
1.3819e-008 -0.0214489
1.3919e-008 0.00537861
1.4019e-008 -0.00404727
1.4119e-008 -0.0060671
1.4219e-008 -0.0195844
1.4319e-008 -0.00891558
1.4419e-008 -0.00378832
1.4519e-008 -0.0124373
1.4619e-008 0.0306524
1.4719e-008 0.0264056
1.4819e-008 -0.00787977
1.4919e-008 0.00418743
1.5019e-008 0.00791635
1.5119e-008 0.00724307
1.5219e-008 0.00636263
1.5319e-008 0.00662158
1.5419e-008 0.00827888
1.5519e-008 -0.00461697
1.5619e-008 -0.0093817
1.5719e-008 0.00713949
1.5819e-008 0.00625905
1.5919e-008 0.0110756
1.6019e-008 -0.0218632
1.6119e-008 0.00496429
1.6219e-008 -0.0038919
1.6319e-008 -0.00487592
1.6419e-008 -0.0237795
1.6519e-008 0.0186888
1.6619e-008 0.000458508
1.6719e-008 -0.0235205
1.6819e-008 -0.00632605
1.6919e-008 -0.0170467
1.7019e-008 -0.0218114
1.7119e-008 -0.0077244
1.7219e-008 -0.00668859
1.7319e-008 -0.00264892
1.7419e-008 -0.0348109
1.7519e-008 -0.00974423
1.7619e-008 -0.00601531
1.7719e-008 0.00470533
1.7819e-008 0.00838246
1.7919e-008 -0.00601531
1.8019e-008 -0.00725828
1.8119e-008 -0.00767261
1.8219e-008 0.00517145
1.8319e-008 0.00796814
1.8419e-008 0.0060001
1.8519e-008 0.00755381
1.8619e-008 -0.00301146
1.8719e-008 -0.0234687
1.8819e-008 0.0150117
1.8919e-008 0.0268717
1.9019e-008 -0.00803514
1.9119e-008 0.0081753
1.9219e-008 -0.0196362
1.9319e-008 0.00190864
1.9419e-008 0.0214855
1.9519e-008 0.0102987
1.9619e-008 -0.0082423
1.9719e-008 0.00631084
1.9819e-008 -0.00394369
1.9919e-008 -0.00839768
2.0019e-008 0.00330699
2.0119e-008 0.0235571
2.0219e-008 -0.0055492
2.0319e-008 0.0043428
2.0419e-008 -0.00285609
2.0519e-008 -0.0110908
2.0619e-008 0.0196728
2.0719e-008 0.00915932
2.0819e-008 0.00625905
2.0919e-008 -0.00285609
2.1019e-008 -0.022899
2.1119e-008 0.00517145
2.1219e-008 0.00579293
2.1319e-008 0.0218998
2.1419e-008 -0.00378832
2.1519e-008 -0.0100032
2.1619e-008 0.00610368
2.1719e-008 0.00770918
2.1819e-008 0.00579293
