LECROYSDA6000A 1113 Waveform
Segments 1 SegmentSize 502
Segment TrigTime TimeSinceSegment1
#1 22-Oct-2014 11:18:35 0                 
Time Ampl
-2.82579e-008 0.00066567
-2.81579e-008 0.0231946
-2.80579e-008 -0.00627426
-2.79579e-008 0.0137687
-2.78579e-008 0.0371262
-2.77579e-008 0.00755381
-2.76579e-008 0.0169797
-2.75579e-008 0.0235571
-2.74579e-008 -0.00668859
-2.73579e-008 0.0147527
-2.72579e-008 0.0272342
-2.71579e-008 -0.0212935
-2.70579e-008 0.0152706
-2.69579e-008 0.0129918
-2.68579e-008 -0.0129552
-2.67579e-008 0.0437036
-2.66579e-008 0.027545
-2.65579e-008 -0.00591173
-2.64579e-008 -0.00104342
-2.63579e-008 0.0382656
-2.62579e-008 -0.0168913
-2.61579e-008 0.00993618
-2.60579e-008 0.0395604
-2.59579e-008 -0.00394369
-2.58579e-008 0.00154611
-2.57579e-008 0.0203979
-2.56579e-008 0.0110238
-2.55579e-008 -0.00886379
-2.54579e-008 0.0174976
-2.53579e-008 0.0102987
-2.52579e-008 0.00258192
-2.51579e-008 0.0233499
-2.50579e-008 -0.008812
-2.49579e-008 0.0287361
-2.48579e-008 0.0287879
-2.47579e-008 -0.0203095
-2.46579e-008 -7.607e-006
-2.45579e-008 0.0241786
-2.44579e-008 -0.00668859
-2.43579e-008 0.0158403
-2.42579e-008 0.0225213
-2.41579e-008 0.00688054
-2.40579e-008 0.0169797
-2.39579e-008 0.023091
-2.38579e-008 -0.00368474
-2.37579e-008 -0.00161311
-2.36579e-008 0.0409587
-2.35579e-008 -0.0321695
-2.34579e-008 0.0111792
-2.33579e-008 0.0246965
-2.32579e-008 0.00765739
-2.31579e-008 0.00423922
-2.30579e-008 0.0216408
-2.29579e-008 -0.00565278
-2.28579e-008 0.0136651
-2.27579e-008 0.0306006
-2.26579e-008 -0.0478621
-2.25579e-008 0.00947006
-2.24579e-008 0.0279593
-2.23579e-008 -0.0082423
-2.22579e-008 0.01641
-2.21579e-008 0.0220552
-2.20579e-008 0.0070877
-2.19579e-008 0.0166689
-2.18579e-008 0.0237125
-2.17579e-008 -0.00627426
-2.16579e-008 0.0141312
-2.15579e-008 0.027286
-2.14579e-008 -0.0211899
-2.13579e-008 0.0144937
-2.12579e-008 0.0220034
-2.11579e-008 0.0213819
-2.10579e-008 0.00750202
-2.09579e-008 0.00713949
-2.08579e-008 -0.0055492
-2.07579e-008 0.00149432
-2.06579e-008 0.0254216
-2.05579e-008 -0.0199988
-2.04579e-008 0.0128364
-2.03579e-008 0.0264574
-2.02579e-008 -0.0082423
-2.01579e-008 0.0159957
-2.00579e-008 0.0241786
-1.99579e-008 -0.00456517
-1.98579e-008 -0.000577303
-1.97579e-008 0.0364529
-1.96579e-008 -0.00456517
-1.95579e-008 0.0145455
-1.94579e-008 0.024075
-1.93579e-008 -0.00316683
-1.92579e-008 -0.0116087
-1.91579e-008 0.020864
-1.90579e-008 -0.0033222
-1.89579e-008 0.00061388
-1.88579e-008 0.0266645
-1.87579e-008 -0.032066
-1.86579e-008 -0.00176849
-1.85579e-008 0.0237643
-1.84579e-008 0.00444638
-1.83579e-008 0.0309113
-1.82579e-008 0.0260948
-1.81579e-008 -0.01772
-1.80579e-008 -0.0133178
-1.79579e-008 0.0199835
-1.78579e-008 0.00915932
-1.77579e-008 0.0147009
-1.76579e-008 0.0369708
-1.75579e-008 -0.00327041
-1.74579e-008 -0.000214769
-1.73579e-008 0.0264574
-1.72579e-008 -0.0215525
-1.71579e-008 0.0256805
-1.70579e-008 0.0403372
-1.69579e-008 -0.00461697
-1.68579e-008 -0.000888046
-1.67579e-008 0.0367119
-1.66579e-008 -0.00378832
-1.65579e-008 0.0145973
-1.64579e-008 0.0253698
-1.63579e-008 -0.00943349
-1.62579e-008 0.0293576
-1.61579e-008 0.0236089
-1.60579e-008 0.00962543
-1.59579e-008 -0.00865663
-1.58579e-008 0.0165654
-1.57579e-008 0.0216926
-1.56579e-008 0.0205532
-1.55579e-008 0.00755381
-1.54579e-008 0.00688054
-1.53579e-008 0.00341057
-1.52579e-008 0.0249554
-1.51579e-008 -0.0195326
-1.50579e-008 0.0105577
-1.49579e-008 0.0424088
-1.48579e-008 -0.0208792
-1.47579e-008 0.0159439
-1.46579e-008 0.00781277
-1.45579e-008 0.0200353
-1.44579e-008 0.00682874
-1.43579e-008 0.0201389
-1.42579e-008 -0.00518666
-1.41579e-008 0.0136651
-1.40579e-008 0.0341742
-1.39579e-008 0.0240232
-1.38579e-008 0.00454996
-1.37579e-008 0.0204497
-1.36579e-008 0.00641442
-1.35579e-008 0.0188442
-1.34579e-008 0.0125775
-1.33579e-008 -0.0212417
-1.32579e-008 0.00284087
-1.31579e-008 0.0101433
-1.30579e-008 -0.00637784
-1.29579e-008 0.00113178
-1.28579e-008 0.0352618
-1.27579e-008 -0.000214769
-1.26579e-008 -0.0135249
-1.25579e-008 0.0202943
-1.24579e-008 0.00563756
-1.23579e-008 0.0308078
-1.22579e-008 0.0251108
-1.21579e-008 -0.00632605
-1.20579e-008 0.00164969
-1.19579e-008 0.0247483
-1.18579e-008 -0.0179271
-1.17579e-008 0.000303136
-1.16579e-008 0.0235571
-1.15579e-008 -0.00513487
-1.14579e-008 0.00299624
-1.13579e-008 0.0104541
-1.12579e-008 -0.0175128
-1.11579e-008 -0.0130588
-1.10579e-008 0.0225213
-1.09579e-008 -0.00844947
-1.08579e-008 0.0306006
-1.07579e-008 0.0113863
-1.06579e-008 0.00144253
-1.05579e-008 0.0316364
-1.04579e-008 0.0270788
-1.03579e-008 -0.0191183
-1.02579e-008 -0.000577303
-1.01579e-008 0.0244375
-1.00579e-008 -0.00808693
-9.95787e-009 0.0283736
-9.85787e-009 0.0268717
-9.75787e-009 -0.00611889
-9.65787e-009 0.00242655
-9.55787e-009 0.0209676
-9.45787e-009 0.0076056
-9.35787e-009 0.0172904
-9.25787e-009 0.0219516
-9.15787e-009 0.00646621
-9.05787e-009 0.0164618
-8.95787e-009 0.026302
-8.85787e-009 -0.0191701
-8.75787e-009 0.0021676
-8.65787e-009 0.0102987
-8.55787e-009 -0.00684396
-8.45787e-009 0.00273729
-8.35787e-009 0.0208122
-8.25787e-009 0.00858962
-8.15787e-009 0.00558577
-8.05787e-009 0.0076056
-7.95787e-009 -0.00420264
-7.85787e-009 -0.0102103
-7.75787e-009 0.00957364
-7.65787e-009 -0.019947
-7.55787e-009 0.00196043
-7.45787e-009 0.0120078
-7.35787e-009 -0.0205685
-7.25787e-009 0.00123537
-7.15787e-009 0.0214855
-7.05787e-009 0.0086932
-6.95787e-009 0.00304804
-6.85787e-009 0.0226767
-6.75787e-009 -0.0161663
-6.65787e-009 -0.0127481
-6.55787e-009 0.0104023
-6.45787e-009 -0.0191183
-6.35787e-009 -0.0060671
-6.25787e-009 -0.0278709
-6.15787e-009 -0.0551645
-6.05787e-009 -0.0839083
-5.95787e-009 -0.0927645
-5.85787e-009 -0.145487
-5.75787e-009 -0.164235
-5.65787e-009 -0.18376
-5.55787e-009 -0.236431
-5.45787e-009 -0.280091
-5.35787e-009 -0.307643
-5.25787e-009 -0.329085
-5.15787e-009 -0.385381
-5.05787e-009 -0.40242
-4.95787e-009 -0.426296
-4.85787e-009 -0.451414
-4.75787e-009 -0.495591
-4.65787e-009 -0.495695
-4.55787e-009 -0.523455
-4.45787e-009 -0.51175
-4.35787e-009 -0.52418
-4.25787e-009 -0.516515
-4.15787e-009 -0.491241
-4.05787e-009 -0.457991
-3.95787e-009 -0.476584
-3.85787e-009 -0.429196
-3.75787e-009 -0.392321
-3.65787e-009 -0.398173
-3.55787e-009 -0.349853
-3.45787e-009 -0.305106
-3.35787e-009 -0.275119
-3.25787e-009 -0.265952
-3.15787e-009 -0.222448
-3.05787e-009 -0.225193
-2.95787e-009 -0.16698
-2.85787e-009 -0.194585
-2.75787e-009 -0.144555
-2.65787e-009 -0.147973
-2.55787e-009 -0.15367
-2.45787e-009 -0.151081
-2.35787e-009 -0.151081
-2.25787e-009 -0.159005
-2.15787e-009 -0.189768
-2.05787e-009 -0.181067
-1.95787e-009 -0.173713
-1.85787e-009 -0.189665
-1.75787e-009 -0.199453
-1.65787e-009 -0.230268
-1.55787e-009 -0.221827
-1.45787e-009 -0.195154
-1.35787e-009 -0.175733
-1.25787e-009 -0.194688
-1.15787e-009 -0.1661
-1.05787e-009 -0.182207
-9.57872e-010 -0.14383
-8.57872e-010 -0.137304
-7.57872e-010 -0.142276
-6.57872e-010 -0.119333
-5.57872e-010 -0.0866014
-4.57872e-010 -0.0989793
-3.57872e-010 -0.0918322
-2.57872e-010 -0.0609651
-1.57872e-010 -0.0682675
-5.78719e-011 -0.0858245
4.21281e-011 -0.0881551
1.42128e-010 -0.074327
2.42128e-010 -0.0632439
3.42128e-010 -0.038488
4.42128e-010 -0.101517
5.42128e-010 -0.0479139
6.42128e-010 -0.0811116
7.42128e-010 -0.073602
8.42128e-010 -0.0868603
9.42128e-010 -0.0594114
1.04213e-009 -0.0835975
1.14213e-009 -0.0673353
1.24213e-009 -0.0398345
1.34213e-009 -0.0880515
1.44213e-009 -0.0393166
1.54213e-009 -0.0395756
1.64213e-009 -0.0628295
1.74213e-009 -0.0391095
1.84213e-009 -0.00617068
1.94213e-009 -0.0292693
2.04213e-009 -0.0283888
2.14213e-009 0.012215
2.24213e-009 -0.0441332
2.34213e-009 -0.0168913
2.44213e-009 0.0236089
2.54213e-009 -0.0121266
2.64213e-009 -0.0396792
2.74213e-009 0.00698412
2.84213e-009 -0.0259029
2.94213e-009 -0.0391613
3.04213e-009 -0.00254534
3.14213e-009 -0.0459976
3.24213e-009 -0.0113497
3.34213e-009 -0.0121784
3.44213e-009 -0.0499855
3.54213e-009 -0.0111944
3.64213e-009 -0.00156132
3.74213e-009 -0.0325321
3.84213e-009 -0.0210864
3.94213e-009 -0.0316516
4.04213e-009 -0.0343447
4.14213e-009 -0.0216043
4.24213e-009 -0.0247635
4.34213e-009 -0.0763987
4.44213e-009 -0.0237277
4.54213e-009 -0.0406114
4.64213e-009 -0.049364
4.74213e-009 -0.0342929
4.84213e-009 -0.0324803
4.94213e-009 -0.0345519
5.04213e-009 -0.0221222
5.14213e-009 -0.0180825
5.24213e-009 -0.0329982
5.34213e-009 -0.0231062
5.44213e-009 -0.0172021
5.54213e-009 -0.0329464
5.64213e-009 -0.0263172
5.74213e-009 0.0106612
5.84213e-009 -0.0323767
5.94213e-009 -0.00259713
6.04213e-009 0.0271824
6.14213e-009 -0.0214489
6.24213e-009 0.0143384
6.34213e-009 0.0234017
6.44213e-009 0.00563756
6.54213e-009 0.0194656
6.64213e-009 0.0100398
6.74213e-009 -0.00901916
6.84213e-009 0.0190513
6.94213e-009 0.00864141
7.04213e-009 0.00770918
7.14213e-009 0.0032552
7.24213e-009 0.0248519
7.34213e-009 -0.0197398
7.44213e-009 0.0127847
7.54213e-009 0.027545
7.64213e-009 -0.0166842
7.74213e-009 -0.0158037
7.84213e-009 0.03521
7.94213e-009 -0.000525512
8.04213e-009 -0.0121266
8.14213e-009 0.0198282
8.24213e-009 -0.00109521
8.34213e-009 -0.0129035
8.44213e-009 0.0235571
8.54213e-009 -0.0201541
8.64213e-009 0.0142866
8.74213e-009 0.0243339
8.84213e-009 -0.00399548
8.94213e-009 -0.0104175
9.04213e-009 0.00962543
9.14213e-009 -0.0202577
9.24213e-009 0.00444638
9.34213e-009 -0.00264892
9.44213e-009 -0.0204131
9.54213e-009 -0.008812
9.64213e-009 -0.0055492
9.74213e-009 -0.0136803
9.84213e-009 -0.0500373
9.94213e-009 -0.00896737
1.00421e-008 -0.0204131
1.01421e-008 0.0137687
1.02421e-008 0.0236607
1.03421e-008 0.00636263
1.04421e-008 0.00553398
1.05421e-008 0.00843425
1.06421e-008 -0.00844947
1.07421e-008 0.0162546
1.08421e-008 0.0246965
1.09421e-008 -0.00741365
1.10421e-008 0.0149599
1.11421e-008 0.0248001
1.12421e-008 -0.00503129
1.13421e-008 0.00278908
1.14421e-008 0.0211229
1.15421e-008 0.00786456
1.16421e-008 0.0154778
1.17421e-008 0.027545
1.18421e-008 -0.032066
1.19421e-008 -0.00342578
1.20421e-008 0.0382656
1.21421e-008 -0.00254534
1.22421e-008 -0.000370141
1.23421e-008 0.0336562
1.24421e-008 0.0122668
1.25421e-008 -0.00912274
1.26421e-008 0.00833067
1.27421e-008 -0.0186004
1.28421e-008 0.00066567
1.29421e-008 0.0233499
1.30421e-008 -0.00523845
1.31421e-008 0.00175327
1.32421e-008 0.0227802
1.33421e-008 -0.00461697
1.34421e-008 0.00196043
1.35421e-008 0.022107
1.36421e-008 -0.00254534
1.37421e-008 -0.0125409
1.38421e-008 0.0210711
1.39421e-008 -0.00503129
1.40421e-008 0.0130954
1.41421e-008 0.0389907
1.42421e-008 -0.00622247
1.43421e-008 0.0165136
1.44421e-008 0.0113345
1.45421e-008 -0.00927811
1.46421e-008 0.0168243
1.47421e-008 0.0240232
1.48421e-008 -0.00518666
1.49421e-008 0.00258192
1.50421e-008 0.0184298
1.51421e-008 0.0239196
1.52421e-008 0.00341057
1.53421e-008 0.0328276
1.54421e-008 0.0116453
1.55421e-008 0.000251346
1.56421e-008 0.0350028
1.57421e-008 0.00796814
1.58421e-008 0.0191549
1.59421e-008 0.00884858
1.60421e-008 0.00563756
1.61421e-008 0.00579293
1.62421e-008 0.0195174
1.63421e-008 0.00972902
1.64421e-008 0.00320341
1.65421e-008 0.0223659
1.66421e-008 -0.0055492
1.67421e-008 0.00574114
1.68421e-008 -0.00565278
1.69421e-008 0.00356594
1.70421e-008 0.0182227
1.71421e-008 0.0254216
1.72421e-008 -0.0194291
1.73421e-008 0.00139074
1.74421e-008 0.0115417
1.75421e-008 -0.0179271
1.76421e-008 -0.013007
1.77421e-008 0.0210711
1.78421e-008 -0.00218281
1.79421e-008 -0.0121266
1.80421e-008 0.0199835
1.81421e-008 -0.00171669
1.82421e-008 -0.0107282
1.83421e-008 0.00957364
1.84421e-008 -0.0205167
1.85421e-008 0.00278908
1.86421e-008 0.00998797
1.87421e-008 -0.00912274
1.88421e-008 0.0177048
1.89421e-008 0.013199
1.90421e-008 -0.0227437
1.91421e-008 0.0134061
1.92421e-008 0.0347956
1.93421e-008 0.0225213
1.94421e-008 0.0158921
1.95421e-008 0.0345367
1.96421e-008 0.0107648
1.97421e-008 0.00258192
1.98421e-008 0.0225731
1.99421e-008 -0.00404727
2.00421e-008 0.0021676
2.01421e-008 0.0211229
2.02421e-008 0.00848604
2.03421e-008 0.00444638
2.04421e-008 0.0206568
2.05421e-008 0.0070877
2.06421e-008 0.0178083
2.07421e-008 0.0215373
2.08421e-008 0.00833067
2.09421e-008 0.00273729
2.10421e-008 0.0245929
2.11421e-008 -0.0198434
2.12421e-008 0.0130436
2.13421e-008 0.0277521
2.14421e-008 -0.0192219
2.15421e-008 -5.93975e-005
2.16421e-008 0.0234535
2.17421e-008 -0.00482413
2.18421e-008 0.00263371
