LECROYSDA6000A 1113 Waveform
Segments 1 SegmentSize 502
Segment TrigTime TimeSinceSegment1
#1 22-Oct-2014 11:18:34 0                 
Time Ampl
-2.82459e-008 0.0193621
-2.81459e-008 0.0171869
-2.80459e-008 0.0336562
-2.79459e-008 0.0244375
-2.78459e-008 0.01294
-2.77459e-008 0.0602248
-2.76459e-008 0.0162028
-2.75459e-008 0.00118358
-2.74459e-008 0.014442
-2.73459e-008 0.0368673
-2.72459e-008 0.0315328
-2.71459e-008 0.0454645
-2.70459e-008 0.0235571
-2.69459e-008 0.00688054
-2.68459e-008 -0.000162979
-2.67459e-008 0.0471736
-2.66459e-008 0.0261984
-2.65459e-008 0.0184298
-2.64459e-008 0.00460175
-2.63459e-008 0.0098326
-2.62459e-008 -0.0093299
-2.61459e-008 0.0284772
-2.60459e-008 0.0370744
-2.59459e-008 0.0228838
-2.58459e-008 0.00289266
-2.57459e-008 0.0138205
-2.56459e-008 0.0467075
-2.55459e-008 0.0368155
-2.54459e-008 0.0303934
-2.53459e-008 0.0307042
-2.52459e-008 0.0351064
-2.51459e-008 0.0197764
-2.50459e-008 0.0296684
-2.49459e-008 0.0362458
-2.48459e-008 0.0206568
-2.47459e-008 0.0288397
-2.46459e-008 0.037178
-2.45459e-008 0.00750202
-2.44459e-008 0.0264574
-2.43459e-008 0.0374887
-2.42459e-008 0.0205014
-2.41459e-008 0.0318954
-2.40459e-008 0.00807172
-2.39459e-008 0.0195692
-2.38459e-008 0.00475712
-2.37459e-008 0.0332937
-2.36459e-008 0.0181191
-2.35459e-008 0.0482612
-2.34459e-008 -0.0016649
-2.33459e-008 -0.00119879
-2.32459e-008 0.0293058
-2.31459e-008 0.041632
-2.30459e-008 0.00610368
-2.29459e-008 0.01641
-2.28459e-008 -0.00150953
-2.27459e-008 -0.0100032
-2.26459e-008 0.0166689
-2.25459e-008 0.0217962
-2.24459e-008 0.0326204
-2.23459e-008 0.0188442
-2.22459e-008 0.021589
-2.21459e-008 -0.00751724
-2.20459e-008 0.0162028
-2.19459e-008 0.0191031
-2.18459e-008 0.0466039
-2.17459e-008 0.0250072
-2.16459e-008 -0.00575636
-2.15459e-008 -0.0148197
-2.14459e-008 0.032983
-2.13459e-008 0.0235571
-2.12459e-008 0.0419427
-2.11459e-008 0.0364529
-2.10459e-008 0.00656979
-2.09459e-008 0.0160993
-2.08459e-008 0.00910753
-2.07459e-008 0.0179637
-2.06459e-008 0.0322579
-2.05459e-008 0.0263538
-2.04459e-008 -0.0101586
-2.03459e-008 0.0184816
-2.02459e-008 -0.00865663
-2.01459e-008 0.0565477
-2.00459e-008 0.026043
-1.99459e-008 0.028529
-1.98459e-008 0.0308596
-1.97459e-008 0.0231946
-1.96459e-008 0.0162546
-1.95459e-008 0.033708
-1.94459e-008 0.0198282
-1.93459e-008 0.0447912
-1.92459e-008 0.0236607
-1.91459e-008 0.0163582
-1.90459e-008 0.0309631
-1.89459e-008 0.0318436
-1.88459e-008 0.0608981
-1.87459e-008 0.0241786
-1.86459e-008 0.0192067
-1.85459e-008 -0.0071547
-1.84459e-008 0.0154778
-1.83459e-008 0.0365047
-1.82459e-008 0.0214337
-1.81459e-008 0.0298237
-1.80459e-008 0.0216408
-1.79459e-008 0.0100398
-1.78459e-008 -0.00974423
-1.77459e-008 0.0160475
-1.76459e-008 0.033967
-1.75459e-008 0.0370226
-1.74459e-008 0.00610368
-1.73459e-008 0.0114899
-1.72459e-008 0.0459824
-1.71459e-008 0.0390425
-1.70459e-008 0.0194656
-1.69459e-008 0.0152188
-1.68459e-008 0.0323615
-1.67459e-008 0.0351064
-1.66459e-008 0.0298755
-1.65459e-008 0.0472772
-1.64459e-008 0.0213301
-1.63459e-008 0.0324133
-1.62459e-008 0.00993618
-1.61459e-008 0.00537861
-1.60459e-008 0.0163064
-1.59459e-008 0.0342259
-1.58459e-008 0.0335527
-1.57459e-008 0.0324133
-1.56459e-008 0.0210194
-1.55459e-008 0.0145973
-1.54459e-008 0.0481058
-1.53459e-008 0.0130436
-1.52459e-008 0.0113863
-1.51459e-008 0.0449466
-1.50459e-008 0.0288915
-1.49459e-008 0.00190864
-1.48459e-008 0.0272342
-1.47459e-008 0.037178
-1.46459e-008 0.0348474
-1.45459e-008 0.0188442
-1.44459e-008 0.0188442
-1.43459e-008 0.0185852
-1.42459e-008 0.03174
-1.41459e-008 0.0355725
-1.40459e-008 0.0199318
-1.39459e-008 0.0271824
-1.38459e-008 0.0485201
-1.37459e-008 0.0246447
-1.36459e-008 0.014183
-1.35459e-008 0.0346403
-1.34459e-008 0.00905574
-1.33459e-008 0.0293576
-1.32459e-008 0.0222105
-1.31459e-008 0.0205532
-1.30459e-008 0.0163582
-1.29459e-008 0.0328276
-1.28459e-008 0.0315846
-1.27459e-008 0.0487273
-1.26459e-008 0.00910753
-1.25459e-008 0.0151152
-1.24459e-008 0.0195692
-1.23459e-008 0.0314293
-1.22459e-008 0.0494006
-1.21459e-008 0.00972902
-1.20459e-008 0.0138205
-1.19459e-008 0.0222623
-1.18459e-008 0.00900395
-1.17459e-008 0.0168761
-1.16459e-008 0.0200871
-1.15459e-008 0.0221587
-1.14459e-008 0.00662158
-1.13459e-008 0.00475712
-1.12459e-008 0.0150634
-1.11459e-008 0.0467075
-1.10459e-008 0.0355725
-1.09459e-008 0.0310667
-1.08459e-008 0.0216408
-1.07459e-008 0.0026855
-1.06459e-008 0.0431339
-1.05459e-008 0.0363494
-1.04459e-008 0.0453609
-1.03459e-008 0.0332937
-1.02459e-008 0.0222105
-1.01459e-008 0.0054304
-1.00459e-008 0.0169797
-9.94595e-009 0.0341224
-9.84595e-009 0.0345367
-9.74595e-009 0.0313257
-9.64595e-009 0.0325169
-9.54595e-009 0.0220034
-9.44595e-009 0.0148563
-9.34595e-009 0.0471736
-9.24595e-009 0.0234535
-9.14595e-009 0.0319989
-9.04595e-009 0.00745023
-8.94595e-009 0.0163064
-8.84595e-009 0.03174
-8.74595e-009 0.0373334
-8.64595e-009 0.0182227
-8.54595e-009 0.0319989
-8.44595e-009 0.0109202
-8.34595e-009 0.0032552
-8.24595e-009 0.025318
-8.14595e-009 0.0647306
-8.04595e-009 0.0248519
-7.94595e-009 0.0163064
-7.84595e-009 0.00315162
-7.74595e-009 0.0336562
-7.64595e-009 0.0234535
-7.54595e-009 0.0180155
-7.44595e-009 0.0290469
-7.34595e-009 0.0372816
-7.24595e-009 0.00952185
-7.14595e-009 0.000821042
-7.04595e-009 0.029772
-6.94595e-009 0.0403372
-6.84595e-009 0.00729486
-6.74595e-009 0.0138205
-6.64595e-009 0.0216408
-6.54595e-009 0.0177565
-6.44595e-009 0.045102
-6.34595e-009 0.0234535
-6.24595e-009 0.0280629
-6.14595e-009 0.0355725
-6.04595e-009 0.00858962
-5.94595e-009 0.0178601
-5.84595e-009 0.00605189
-5.74595e-009 0.0314293
-5.64595e-009 0.032983
-5.54595e-009 0.0366601
-5.44595e-009 0.00480891
-5.34595e-009 0.0204497
-5.24595e-009 -0.00762082
-5.14595e-009 0.032724
-5.04595e-009 0.00672516
-4.94595e-009 0.0431339
-4.84595e-009 0.0242304
-4.74595e-009 0.00698412
-4.64595e-009 0.00196043
-4.54595e-009 0.0207086
-4.44595e-009 0.0202425
-4.34595e-009 0.0321025
-4.24595e-009 0.0221587
-4.14595e-009 0.00574114
-4.04595e-009 0.0136133
-3.94595e-009 0.0380067
-3.84595e-009 0.00605189
-3.74595e-009 0.0414766
-3.64595e-009 0.0258877
-3.54595e-009 0.00636263
-3.44595e-009 0.0126293
-3.34595e-009 0.0351582
-3.24595e-009 0.032724
-3.14595e-009 0.0457234
-3.04595e-009 0.0239714
-2.94595e-009 0.00460175
-2.84595e-009 0.0151152
-2.74595e-009 0.0345367
-2.64595e-009 0.0350546
-2.54595e-009 0.0306006
-2.44595e-009 0.0351582
-2.34595e-009 0.00656979
-2.24595e-009 0.0273378
-2.14595e-009 0.0373334
-2.04595e-009 0.0212783
-1.94595e-009 0.0281147
-1.84595e-009 0.0357279
-1.74595e-009 0.0189477
-1.64595e-009 0.0408033
-1.54595e-009 0.0481576
-1.44595e-009 0.04707
-1.34595e-009 0.0370744
-1.24595e-009 -0.00487592
-1.14595e-009 0.00175327
-1.04595e-009 0.0185852
-9.45947e-010 0.0385246
-8.45947e-010 0.00770918
-7.45947e-010 0.0154778
-6.45947e-010 0.0114381
-5.45947e-010 -0.016218
-4.45947e-010 -0.0228472
-3.45947e-010 -0.0160627
-2.45947e-010 -0.038229
-1.45947e-010 -0.0776934
-4.59465e-011 -0.135699
5.40535e-011 -0.143157
1.54053e-010 -0.215042
2.54053e-010 -0.268956
3.54053e-010 -0.368704
4.54053e-010 -0.467262
5.54053e-010 -0.519985
6.54053e-010 -0.602332
7.54053e-010 -0.690893
8.54053e-010 -0.745843
9.54053e-010 -0.810012
1.05405e-009 -0.852635
1.15405e-009 -0.909864
1.25405e-009 -0.92623
1.35405e-009 -0.953368
1.45405e-009 -0.959117
1.55405e-009 -0.955543
1.65405e-009 -0.987912
1.75405e-009 -0.954145
1.85405e-009 -0.950468
1.95405e-009 -0.911677
2.05405e-009 -0.915043
2.15405e-009 -0.862476
2.25405e-009 -0.761225
2.35405e-009 -0.73735
2.45405e-009 -0.725593
2.55405e-009 -0.675408
2.65405e-009 -0.620924
2.75405e-009 -0.621132
2.85405e-009 -0.604351
2.95405e-009 -0.558465
3.05405e-009 -0.540856
3.15405e-009 -0.516308
3.25405e-009 -0.514184
3.35405e-009 -0.502013
3.45405e-009 -0.486114
3.55405e-009 -0.486735
3.65405e-009 -0.459493
3.75405e-009 -0.471561
3.85405e-009 -0.449187
3.95405e-009 -0.436757
4.05405e-009 -0.395843
4.15405e-009 -0.373521
4.25405e-009 -0.317069
4.35405e-009 -0.317898
4.45405e-009 -0.270251
4.55405e-009 -0.248706
4.65405e-009 -0.240057
4.75405e-009 -0.193963
4.85405e-009 -0.142328
4.95405e-009 -0.142846
5.05405e-009 -0.120835
5.15405e-009 -0.125289
5.25405e-009 -0.140412
5.35405e-009 -0.13197
5.45405e-009 -0.111979
5.55405e-009 -0.104832
5.65405e-009 -0.0599293
5.75405e-009 -0.0957683
5.85405e-009 -0.0918322
5.95405e-009 -0.0878444
6.05405e-009 -0.0826653
6.15405e-009 -0.0824064
6.25405e-009 -0.0193255
6.35405e-009 -0.0654709
6.45405e-009 -0.0676461
6.55405e-009 -0.0619491
6.65405e-009 -0.0572362
6.75405e-009 -0.0484836
6.85405e-009 -0.0456869
6.95405e-009 -0.0476549
7.05405e-009 -0.043667
7.15405e-009 -0.081992
7.25405e-009 -0.0900714
7.35405e-009 -0.0731876
7.45405e-009 -0.0696659
7.55405e-009 -0.0682158
7.65405e-009 -0.111513
7.75405e-009 -0.101724
7.85405e-009 -0.112497
7.95405e-009 -0.0856174
8.05405e-009 -0.0980989
8.15405e-009 -0.0872229
8.25405e-009 -0.0987722
8.35405e-009 -0.101465
8.45405e-009 -0.0907446
8.55405e-009 -0.0648494
8.65405e-009 -0.0324803
8.75405e-009 -0.0549574
8.85405e-009 -0.0806973
8.95405e-009 -0.0415436
9.05405e-009 -0.0260583
9.15405e-009 -0.0507105
9.25405e-009 -0.0104175
9.35405e-009 -0.042942
9.45405e-009 -0.0232098
9.55405e-009 -0.0379183
9.65405e-009 0.00693233
9.75405e-009 -0.0193255
9.85405e-009 0.00454996
9.95405e-009 -0.0193255
1.00541e-008 -0.00777619
1.01541e-008 -0.0189629
1.02541e-008 -0.0204131
1.03541e-008 -0.011039
1.04541e-008 0.0110238
1.05541e-008 -0.0278709
1.06541e-008 -0.0385398
1.07541e-008 -0.0230544
1.08541e-008 -0.0110908
1.09541e-008 -0.0500373
1.10541e-008 -0.000939837
1.11541e-008 -0.00031835
1.12541e-008 -0.0183933
1.13541e-008 -0.0257475
1.14541e-008 -0.0176682
1.15541e-008 -0.0227954
1.16541e-008 0.00719128
1.17541e-008 -0.0193255
1.18541e-008 0.00382489
1.19541e-008 -0.0171503
1.20541e-008 -0.0211899
1.21541e-008 -0.0129035
1.22541e-008 0.0214855
1.23541e-008 0.00149432
1.24541e-008 -0.0371414
1.25541e-008 -0.0129035
1.26541e-008 -0.00503129
1.27541e-008 0.0173422
1.28541e-008 0.021848
1.29541e-008 0.00294445
1.30541e-008 0.0316364
1.31541e-008 -0.00161311
1.32541e-008 -0.00720649
1.33541e-008 -0.0147679
1.34541e-008 0.0462931
1.35541e-008 0.0264574
1.36541e-008 0.0153224
1.37541e-008 0.0194656
1.38541e-008 -0.00472055
1.39541e-008 0.0142866
1.40541e-008 0.0321543
1.41541e-008 0.0476915
1.42541e-008 0.0370226
1.43541e-008 -0.00632605
1.44541e-008 -0.00026656
1.45541e-008 0.0227284
1.46541e-008 0.0106612
1.47541e-008 0.0167725
1.48541e-008 0.0105577
1.49541e-008 -0.00907095
1.50541e-008 0.0098326
1.51541e-008 -0.0347591
1.52541e-008 0.0200871
1.53541e-008 -0.0307712
1.54541e-008 0.0168243
1.55541e-008 -0.0170467
1.56541e-008 -0.00653322
1.57541e-008 -0.024401
1.58541e-008 0.00890037
1.59541e-008 -0.0202059
1.60541e-008 0.0151152
1.61541e-008 0.00781277
1.62541e-008 0.0102469
1.63541e-008 -0.0254886
1.64541e-008 0.0185852
1.65541e-008 -0.00642963
1.66541e-008 0.0342259
1.67541e-008 -0.0163216
1.68541e-008 -0.00948528
1.69541e-008 -0.0122302
1.70541e-008 0.0246965
1.71541e-008 -0.00731007
1.72541e-008 0.019621
1.73541e-008 -0.0190147
1.74541e-008 0.00449817
1.75541e-008 -0.0082423
1.76541e-008 0.0192067
1.77541e-008 0.0102469
1.78541e-008 -0.0153376
1.79541e-008 -0.0388505
1.80541e-008 -0.00741365
1.81541e-008 -0.00907095
1.82541e-008 0.035935
1.83541e-008 -0.0170467
1.84541e-008 -0.000732675
1.85541e-008 0.00605189
1.86541e-008 0.0026855
1.87541e-008 -0.0401971
1.88541e-008 0.0162028
1.89541e-008 -0.00290788
1.90541e-008 0.0205014
1.91541e-008 -0.0193255
1.92541e-008 -0.0104175
1.93541e-008 0.00221939
1.94541e-008 0.0269753
1.95541e-008 -0.0193773
1.96541e-008 0.00206401
1.97541e-008 -0.0160109
1.98541e-008 -0.0192737
1.99541e-008 -0.0216043
2.00541e-008 -0.0178753
2.01541e-008 -0.0193773
2.02541e-008 -0.0218114
2.03541e-008 -0.00741365
2.04541e-008 -0.0166842
2.05541e-008 -0.0248671
2.06541e-008 0.00309983
2.07541e-008 0.00853783
2.08541e-008 0.00631084
2.09541e-008 0.00227118
2.10541e-008 0.010972
2.11541e-008 -0.0245563
2.12541e-008 0.0296166
2.13541e-008 0.00776097
2.14541e-008 0.0453609
2.15541e-008 0.00858962
2.16541e-008 0.0147009
2.17541e-008 0.0303417
2.18541e-008 0.0362976
