LECROYSDA6000A 1113 Waveform
Segments 1 SegmentSize 502
Segment TrigTime TimeSinceSegment1
#1 22-Oct-2014 11:18:34 0                 
Time Ampl
-2.82453e-008 0.0326722
-2.81453e-008 0.00988439
-2.80453e-008 0.0165136
-2.79453e-008 0.0237125
-2.78453e-008 -0.00710291
-2.77453e-008 0.0148045
-2.76453e-008 0.0269753
-2.75453e-008 -0.0189112
-2.74453e-008 -0.00161311
-2.73453e-008 0.0382656
-2.72453e-008 -0.0153894
-2.71453e-008 -0.00358115
-2.70453e-008 0.0376441
-2.69453e-008 -0.00306325
-2.68453e-008 0.00139074
-2.67453e-008 0.021848
-2.66453e-008 -0.00404727
-2.65453e-008 0.00113178
-2.64453e-008 0.0244375
-2.63453e-008 -0.0182379
-2.62453e-008 0.000147765
-2.61453e-008 0.0234017
-2.60453e-008 -0.00482413
-2.59453e-008 0.00247834
-2.58453e-008 0.0192067
-2.57453e-008 0.0205014
-2.56453e-008 0.0192067
-2.55453e-008 0.0209158
-2.54453e-008 0.00734665
-2.53453e-008 0.0148563
-2.52453e-008 0.0373852
-2.51453e-008 -0.00171669
-2.50453e-008 -0.0113497
-2.49453e-008 0.0100915
-2.48453e-008 -0.0195326
-2.47453e-008 0.00227118
-2.46453e-008 0.0123185
-2.45453e-008 -0.0214489
-2.44453e-008 0.0113863
-2.43453e-008 0.0425124
-2.42453e-008 -0.0315998
-2.41453e-008 -0.000577303
-2.40453e-008 0.0106612
-2.39453e-008 -0.00803514
-2.38453e-008 0.0144937
-2.37453e-008 0.0353653
-2.36453e-008 0.00978081
-2.35453e-008 0.00506787
-2.34453e-008 0.00636263
-2.33453e-008 0.00662158
-2.32453e-008 0.0162546
-2.31453e-008 0.03521
-2.30453e-008 0.0116971
-2.29453e-008 -0.011039
-2.28453e-008 0.0199835
-2.27453e-008 -0.000836256
-2.26453e-008 -0.0137321
-2.25453e-008 0.0342259
-2.24453e-008 0.00874499
-2.23453e-008 0.0160993
-2.22453e-008 0.0244375
-2.21453e-008 -0.0146643
-2.20453e-008 -0.0284406
-2.19453e-008 0.0332937
-2.18453e-008 0.000510298
-2.17453e-008 -0.0125409
-2.16453e-008 0.0188442
-2.15453e-008 0.00776097
-2.14453e-008 0.0172904
-2.13453e-008 0.023816
-2.12453e-008 -0.00539382
-2.11453e-008 0.00206401
-2.10453e-008 0.0225731
-2.09453e-008 -0.00684396
-2.08453e-008 0.0160993
-2.07453e-008 0.0210711
-2.06453e-008 0.0206568
-2.05453e-008 0.0170315
-2.04453e-008 0.0363494
-2.03453e-008 -0.00275251
-2.02453e-008 0.00066567
-2.01453e-008 0.0230392
-2.00453e-008 -0.00394369
-1.99453e-008 -0.000162979
-1.98453e-008 0.0353653
-1.97453e-008 0.00827888
-1.96453e-008 0.017653
-1.95453e-008 0.0207604
-1.94453e-008 0.0113345
-1.93453e-008 -0.0123338
-1.92453e-008 0.0347438
-1.91453e-008 -0.00565278
-1.90453e-008 0.0261984
-1.89453e-008 0.0397157
-1.88453e-008 -0.00306325
-1.87453e-008 -0.0100032
-1.86453e-008 0.00646621
-1.85453e-008 0.00584472
-1.84453e-008 0.0188442
-1.83453e-008 0.021848
-1.82453e-008 -0.00228639
-1.81453e-008 -0.0137839
-1.80453e-008 0.0249554
-1.79453e-008 -0.0221222
-1.78453e-008 0.0300309
-1.77453e-008 0.0112827
-1.76453e-008 0.00491249
-1.75453e-008 0.00491249
-1.74453e-008 0.0181191
-1.73453e-008 0.0212783
-1.72453e-008 0.0192067
-1.71453e-008 0.0224695
-1.70453e-008 -0.0049795
-1.69453e-008 0.00253013
-1.68453e-008 0.00998797
-1.67453e-008 -0.00539382
-1.66453e-008 -0.00808693
-1.65453e-008 0.0060001
-1.64453e-008 -0.00125058
-1.63453e-008 -0.0256957
-1.62453e-008 0.0200871
-1.61453e-008 -0.00529024
-1.60453e-008 0.0147009
-1.59453e-008 0.026302
-1.58453e-008 -0.0197398
-1.57453e-008 -0.000162979
-1.56453e-008 0.0241786
-1.55453e-008 -0.00725828
-1.54453e-008 0.0165136
-1.53453e-008 0.0220034
-1.52453e-008 0.00703591
-1.51453e-008 0.0154778
-1.50453e-008 0.03521
-1.49453e-008 0.010713
-1.48453e-008 0.00294445
-1.47453e-008 0.0214855
-1.46453e-008 -0.00285609
-1.45453e-008 -0.00306325
-1.44453e-008 0.0514722
-1.43453e-008 -0.00347757
-1.42453e-008 0.0146491
-1.41453e-008 0.023091
-1.40453e-008 0.00672516
-1.39453e-008 0.0154778
-1.38453e-008 0.0382138
-1.37453e-008 -0.00762082
-1.36453e-008 0.0286326
-1.35453e-008 0.0259395
-1.34453e-008 -0.00627426
-1.33453e-008 0.00527503
-1.32453e-008 -0.00182028
-1.31453e-008 -0.022899
-1.30453e-008 0.0130954
-1.29453e-008 0.0385246
-1.28453e-008 -0.00451338
-1.27453e-008 0.0118006
-1.26453e-008 0.0373334
-1.25453e-008 0.00755381
-1.24453e-008 0.017394
-1.23453e-008 0.0207604
-1.22453e-008 0.0109202
-1.21453e-008 -0.011039
-1.20453e-008 0.0223659
-1.19453e-008 -0.0172539
-1.18453e-008 0.000717461
-1.17453e-008 0.0220552
-1.16453e-008 0.00853783
-1.15453e-008 0.00387668
-1.14453e-008 0.0199318
-1.13453e-008 0.00895216
-1.12453e-008 0.00237476
-1.11453e-008 0.0331901
-1.10453e-008 0.0113345
-1.09453e-008 0.00190864
-1.08453e-008 0.0229874
-1.07453e-008 -0.00668859
-1.06453e-008 0.0152188
-1.05453e-008 0.027286
-1.04453e-008 -0.0211381
-1.03453e-008 0.013924
-1.02453e-008 0.0248001
-1.01453e-008 -0.00446159
-1.00453e-008 -0.00182028
-9.94528e-009 0.049297
-9.84528e-009 -7.607e-006
-9.74528e-009 -0.00145774
-9.64528e-009 0.0268199
-9.54528e-009 -0.0313409
-9.44528e-009 -0.00295967
-9.34528e-009 0.0355207
-9.24528e-009 0.0121632
-9.14528e-009 -0.0098996
-9.04528e-009 0.0171869
-8.94528e-009 0.010713
-8.84528e-009 0.00201222
-8.74528e-009 0.0335527
-8.64528e-009 0.0110756
-8.54528e-009 0.00170148
-8.44528e-009 0.0241786
-8.34528e-009 -0.0184968
-8.24528e-009 0.000251346
-8.14528e-009 0.0243339
-8.04528e-009 -0.00518666
-7.94528e-009 0.00304804
-7.84528e-009 0.0112827
-7.74528e-009 -0.0223293
-7.64528e-009 0.0160475
-7.54528e-009 0.0136133
-7.44528e-009 -0.022174
-7.34528e-009 0.0133026
-7.24528e-009 0.0269753
-7.14528e-009 -0.0203613
-7.04528e-009 0.0054304
-6.94528e-009 -0.0161145
-6.84528e-009 -0.0215525
-6.74528e-009 -0.0148715
-6.64528e-009 -0.0627777
-6.54528e-009 -0.113843
-6.44528e-009 -0.0951468
-6.34528e-009 -0.151391
-6.24528e-009 -0.215612
-6.14528e-009 -0.224882
-6.04528e-009 -0.286824
-5.94528e-009 -0.338459
-5.84528e-009 -0.423344
-5.74528e-009 -0.448824
-5.64528e-009 -0.515375
-5.54528e-009 -0.532777
-5.44528e-009 -0.585914
-5.34528e-009 -0.679396
-5.24528e-009 -0.682918
-5.14528e-009 -0.703427
-5.04528e-009 -0.727509
-4.94528e-009 -0.696746
-4.84528e-009 -0.713112
-4.74528e-009 -0.687993
-4.64528e-009 -0.686439
-4.54528e-009 -0.675822
-4.44528e-009 -0.661166
-4.34528e-009 -0.646872
-4.24528e-009 -0.6477
-4.14528e-009 -0.632629
-4.04528e-009 -0.637497
-3.94528e-009 -0.601348
-3.84528e-009 -0.642625
-3.74528e-009 -0.631024
-3.64528e-009 -0.645421
-3.54528e-009 -0.616212
-3.44528e-009 -0.647804
-3.34528e-009 -0.683539
-3.24528e-009 -0.674372
-3.14528e-009 -0.64423
-3.04528e-009 -0.638948
-2.94528e-009 -0.659819
-2.84528e-009 -0.614243
-2.74528e-009 -0.558931
-2.64528e-009 -0.499942
-2.54528e-009 -0.496938
-2.44528e-009 -0.39113
-2.34528e-009 -0.356844
-2.24528e-009 -0.306608
-2.14528e-009 -0.283095
-2.04528e-009 -0.209552
-1.94528e-009 -0.223432
-1.84528e-009 -0.160299
-1.74528e-009 -0.152583
-1.64528e-009 -0.130468
-1.54528e-009 -0.109752
-1.44528e-009 -0.124719
-1.34528e-009 -0.113636
-1.24528e-009 -0.10623
-1.14528e-009 -0.134042
-1.04528e-009 -0.142898
-9.45281e-010 -0.0969077
-8.45281e-010 -0.129795
-7.45281e-010 -0.142483
-6.45281e-010 -0.121197
-5.45281e-010 -0.149061
-4.45281e-010 -0.141396
-3.45281e-010 -0.123787
-2.45281e-010 -0.138703
-1.45281e-010 -0.117831
-4.52814e-011 -0.0951986
5.47186e-011 -0.127671
1.54719e-010 -0.0924019
2.54719e-010 -0.0718411
3.54719e-010 -0.0754664
4.54719e-010 -0.0501409
5.54719e-010 -0.0434599
6.54719e-010 -0.0633474
7.54719e-010 -0.0257475
8.54719e-010 -0.0133696
9.54719e-010 -0.0566665
1.05472e-009 -0.0521607
1.15472e-009 -0.0297354
1.25472e-009 -0.0568218
1.35472e-009 -0.0514356
1.45472e-009 -0.0278709
1.55472e-009 -0.0698213
1.65472e-009 -0.061224
1.75472e-009 -0.0685783
1.85472e-009 -0.0862907
1.95472e-009 -0.0756218
2.05472e-009 -0.0584791
2.15472e-009 -0.0719965
2.25472e-009 -0.063451
2.35472e-009 -0.0533519
2.45472e-009 -0.0998598
2.55472e-009 -0.0738091
2.65472e-009 -0.0960273
2.75472e-009 -0.0919358
2.85472e-009 -0.0617419
2.95472e-009 -0.0571844
3.05472e-009 -0.0747414
3.15472e-009 -0.0511249
3.25472e-009 -0.0415436
3.35472e-009 -0.0729287
3.45472e-009 -0.0529893
3.55472e-009 -0.0310301
3.65472e-009 -0.0468263
3.75472e-009 -0.0358467
3.85472e-009 -0.0314445
3.95472e-009 -0.0452208
4.05472e-009 -0.0394202
4.15472e-009 -0.00238997
4.25472e-009 -0.045169
4.35472e-009 -0.0232098
4.45472e-009 -0.0284406
4.55472e-009 -0.0485871
4.65472e-009 -0.0248671
4.75472e-009 -0.00238997
4.85472e-009 -0.0331536
4.95472e-009 -0.0109872
5.05472e-009 -0.00254534
5.15472e-009 -0.0313927
5.25472e-009 -0.0249189
5.35472e-009 -0.00342578
5.45472e-009 -0.0305122
5.55472e-009 -0.0260065
5.65472e-009 0.000562089
5.75472e-009 -0.0601364
5.85472e-009 -0.0146643
5.95472e-009 4.41835e-005
6.05472e-009 -0.031807
6.15472e-009 -0.0264726
6.25472e-009 0.0103505
6.35472e-009 -0.0401453
6.45472e-009 -0.0430973
6.55472e-009 0.00833067
6.65472e-009 -0.0262654
6.75472e-009 -0.0391095
6.85472e-009 -0.00741365
6.95472e-009 -0.0175646
7.05472e-009 -0.0206202
7.15472e-009 -0.0181861
7.25472e-009 -0.0341894
7.35472e-009 -0.0124373
7.45472e-009 0.011956
7.55472e-009 -0.0320142
7.65472e-009 -0.0140946
7.75472e-009 0.0123185
7.85472e-009 -0.0315998
7.95472e-009 -0.0132142
8.05472e-009 0.0086932
8.15472e-009 -0.00570457
8.25472e-009 0.00196043
8.35472e-009 0.0228838
8.45472e-009 -0.0141982
8.55472e-009 -0.0257993
8.65472e-009 0.00770918
8.75472e-009 -0.0159073
8.85472e-009 -0.0143018
8.95472e-009 0.0256805
9.05472e-009 -0.0315998
9.15472e-009 -0.00238997
9.25472e-009 0.0265609
9.35472e-009 -0.0188076
9.45472e-009 0.00061388
9.55472e-009 0.0222623
9.65472e-009 -0.00270072
9.75472e-009 -0.0123338
9.85472e-009 0.021848
9.95472e-009 -0.0151304
1.00547e-008 -0.0116605
1.01547e-008 0.00672516
1.02547e-008 0.00594831
1.03547e-008 0.0177565
1.04547e-008 0.0234535
1.05547e-008 -0.00544561
1.06547e-008 0.00175327
1.07547e-008 0.0229356
1.08547e-008 -0.00472055
1.09547e-008 0.00289266
1.10547e-008 0.0114381
1.11547e-008 -0.0205167
1.12547e-008 0.00196043
1.13547e-008 0.013199
1.14547e-008 -0.030823
1.15547e-008 -0.016218
1.16547e-008 0.027545
1.17547e-008 -0.0420097
1.18547e-008 -0.0277155
1.19547e-008 -0.0044098
1.20547e-008 -0.0194291
1.21547e-008 -0.00865663
1.22547e-008 -0.00503129
1.23547e-008 -0.0198434
1.24547e-008 -0.0103139
1.25547e-008 0.00703591
1.26547e-008 -0.00544561
1.27547e-008 0.00170148
1.28547e-008 0.0223141
1.29547e-008 -0.00352936
1.30547e-008 -0.0109354
1.31547e-008 0.00962543
1.32547e-008 -0.0189629
1.33547e-008 4.41835e-005
1.34547e-008 0.0255769
1.35547e-008 -0.0180825
1.36547e-008 -0.00264892
1.37547e-008 0.0392496
1.38547e-008 -0.0169949
1.39547e-008 0.00149432
1.40547e-008 0.00947006
1.41547e-008 -0.00560099
1.42547e-008 -0.00653322
1.43547e-008 -0.0082423
1.44547e-008 -0.00301146
1.45547e-008 -0.0226919
1.46547e-008 0.00734665
1.47547e-008 -0.0186522
1.48547e-008 0.00196043
1.49547e-008 0.00936648
1.50547e-008 -0.00327041
1.51547e-008 -0.0250224
1.52547e-008 0.0190513
1.53547e-008 -0.00285609
1.54547e-008 -0.000680884
1.55547e-008 0.0362458
1.56547e-008 -0.00295967
1.57547e-008 0.000251346
1.58547e-008 0.0250072
1.59547e-008 -0.0182897
1.60547e-008 -0.000732675
1.61547e-008 0.0351064
1.62547e-008 0.00874499
1.63547e-008 0.0168761
1.64547e-008 0.0214337
1.65547e-008 0.00864141
1.66547e-008 0.0043428
1.67547e-008 0.020864
1.68547e-008 0.00522324
1.69547e-008 0.0324133
1.70547e-008 0.0116453
1.71547e-008 -0.00653322
1.72547e-008 -0.00829409
1.73547e-008 0.00574114
1.74547e-008 0.0086932
1.75547e-008 0.00387668
1.76547e-008 0.0213819
1.77547e-008 -0.00285609
1.78547e-008 -0.0109872
1.79547e-008 0.0086932
1.80547e-008 -0.00798335
1.81547e-008 0.0167725
1.82547e-008 0.0223659
1.83547e-008 0.00662158
1.84547e-008 0.0070877
1.85547e-008 -0.00352936
1.86547e-008 -0.0211899
1.87547e-008 0.00128716
1.88547e-008 0.0256287
1.89547e-008 -0.0201023
1.90547e-008 0.0120078
1.91547e-008 0.0279593
1.92547e-008 -0.0212417
1.93547e-008 0.0139758
1.94547e-008 0.0254216
1.95547e-008 -0.00674038
1.96547e-008 0.0127329
1.97547e-008 0.0391978
1.98547e-008 -0.0165806
1.99547e-008 -0.00125058
2.00547e-008 0.0257841
2.01547e-008 -0.0179789
2.02547e-008 0.000510298
2.03547e-008 0.0212783
2.04547e-008 0.00879679
2.05547e-008 0.00392847
2.06547e-008 0.0201907
2.07547e-008 0.00729486
2.08547e-008 0.0176012
2.09547e-008 0.021589
2.10547e-008 0.00890037
2.11547e-008 0.000976413
2.12547e-008 0.0366601
2.13547e-008 -0.00492771
2.14547e-008 0.0152188
2.15547e-008 0.0222623
2.16547e-008 0.0177565
2.17547e-008 0.0327758
2.18547e-008 0.0245929
