LECROYSDA6000A 1113 Waveform
Segments 1 SegmentSize 502
Segment TrigTime TimeSinceSegment1
#1 22-Oct-2014 11:18:34 0                 
Time Ampl
-2.82156e-008 0.0205014
-2.81156e-008 0.0338116
-2.80156e-008 0.00988439
-2.79156e-008 0.00413564
-2.78156e-008 0.0156331
-2.77156e-008 0.0370226
-2.76156e-008 0.01641
-2.75156e-008 0.0575317
-2.74156e-008 0.0233499
-2.73156e-008 0.032983
-2.72156e-008 0.00211581
-2.71156e-008 0.0479504
-2.70156e-008 0.00884858
-2.69156e-008 0.0404408
-2.68156e-008 0.0381102
-2.67156e-008 0.0092629
-2.66156e-008 0.0123185
-2.65156e-008 0.0338634
-2.64156e-008 0.0355725
-2.63156e-008 0.0331901
-2.62156e-008 0.0192067
-2.61156e-008 0.0206568
-2.60156e-008 0.00631084
-2.59156e-008 0.0178083
-2.58156e-008 0.0301863
-2.57156e-008 0.0497631
-2.56156e-008 0.0211229
-2.55156e-008 0.0187924
-2.54156e-008 0.00408385
-2.53156e-008 0.0310149
-2.52156e-008 0.0364529
-2.51156e-008 0.0216926
-2.50156e-008 0.0160993
-2.49156e-008 0.0217962
-2.48156e-008 0.0054304
-2.47156e-008 0.0310667
-2.46156e-008 0.0214855
-2.45156e-008 0.0326722
-2.44156e-008 0.0199318
-2.43156e-008 0.0195174
-2.42156e-008 0.0172904
-2.41156e-008 0.0324133
-2.40156e-008 0.0333973
-2.39156e-008 0.0345367
-2.38156e-008 0.0183262
-2.37156e-008 0.0303934
-2.36156e-008 0.0336045
-2.35156e-008 0.034951
-2.34156e-008 0.0206568
-2.33156e-008 0.0169797
-2.32156e-008 0.0331901
-2.31156e-008 0.022107
-2.30156e-008 0.0278557
-2.29156e-008 0.0477951
-2.28156e-008 0.0241786
-2.27156e-008 0.01641
-2.26156e-008 0.0204497
-2.25156e-008 0.00936648
-2.24156e-008 0.014442
-2.23156e-008 0.0380584
-2.22156e-008 -0.00544561
-2.21156e-008 0.0257323
-2.20156e-008 0.0245929
-2.19156e-008 0.0101433
-2.18156e-008 -0.000473722
-2.17156e-008 0.0327758
-2.16156e-008 0.0223659
-2.15156e-008 0.0309631
-2.14156e-008 0.0194656
-2.13156e-008 0.0214855
-2.12156e-008 0.0043428
-2.11156e-008 0.0295648
-2.10156e-008 0.0366083
-2.09156e-008 0.0214337
-2.08156e-008 0.016151
-2.07156e-008 0.0207086
-2.06156e-008 0.0176012
-2.05156e-008 0.0373852
-2.04156e-008 -0.00694754
-2.03156e-008 0.0292023
-2.02156e-008 0.00962543
-2.01156e-008 0.0207086
-2.00156e-008 0.00330699
-1.99156e-008 0.030497
-1.98156e-008 0.0344331
-1.97156e-008 0.0323097
-1.96156e-008 0.0336045
-1.95156e-008 0.00936648
-1.94156e-008 0.00315162
-1.93156e-008 0.0184816
-1.92156e-008 0.023816
-1.91156e-008 0.00874499
-1.90156e-008 0.000251346
-1.89156e-008 0.0338634
-1.88156e-008 0.0101951
-1.87156e-008 0.0168761
-1.86156e-008 0.01641
-1.85156e-008 0.0367119
-1.84156e-008 0.00713949
-1.83156e-008 0.0167207
-1.82156e-008 0.0159957
-1.81156e-008 0.0486755
-1.80156e-008 0.0193621
-1.79156e-008 0.0454645
-1.78156e-008 0.0092629
-1.77156e-008 0.0188442
-1.76156e-008 0.00475712
-1.75156e-008 0.0319472
-1.74156e-008 0.0326204
-1.73156e-008 0.0456199
-1.72156e-008 0.0353653
-1.71156e-008 0.0162028
-1.70156e-008 0.0441697
-1.69156e-008 0.0266645
-1.68156e-008 0.0147527
-1.67156e-008 0.0442733
-1.66156e-008 0.0281147
-1.65156e-008 0.00221939
-1.64156e-008 0.035935
-1.63156e-008 0.0684077
-1.62156e-008 0.0229356
-1.61156e-008 0.0284254
-1.60156e-008 0.00988439
-1.59156e-008 0.00677695
-1.58156e-008 0.015426
-1.57156e-008 0.0368155
-1.56156e-008 0.0173422
-1.55156e-008 0.0542171
-1.54156e-008 0.0416838
-1.53156e-008 0.00330699
-1.52156e-008 0.0367119
-1.51156e-008 0.0544243
-1.50156e-008 0.022832
-1.49156e-008 0.0252144
-1.48156e-008 0.037437
-1.47156e-008 0.00864141
-1.46156e-008 0.0262502
-1.45156e-008 0.0379031
-1.44156e-008 0.0201389
-1.43156e-008 0.0337598
-1.42156e-008 -0.00492771
-1.41156e-008 0.0157885
-1.40156e-008 0.0184816
-1.39156e-008 0.0379549
-1.38156e-008 0.00449817
-1.37156e-008 0.0318954
-1.36156e-008 -0.00161311
-1.35156e-008 0.000458508
-1.34156e-008 0.0297202
-1.33156e-008 0.0375923
-1.32156e-008 0.0299791
-1.31156e-008 0.0424606
-1.30156e-008 0.038421
-1.29156e-008 0.00610368
-1.28156e-008 0.0231428
-1.27156e-008 0.0645234
-1.26156e-008 0.0271824
-1.25156e-008 0.0141312
-1.24156e-008 0.0191031
-1.23156e-008 0.0120596
-1.22156e-008 0.0026855
-1.21156e-008 0.0303417
-1.20156e-008 0.0372298
-1.19156e-008 0.0206568
-1.18156e-008 0.0158921
-1.17156e-008 0.0207604
-1.16156e-008 0.0165654
-1.15156e-008 0.0482094
-1.14156e-008 0.00978081
-1.13156e-008 0.0267163
-1.12156e-008 0.0267163
-1.11156e-008 -0.0181861
-1.10156e-008 0.00936648
-1.09156e-008 0.0366083
-1.08156e-008 0.0338634
-1.07156e-008 0.0454645
-1.06156e-008 0.0100915
-1.05156e-008 0.00294445
-1.04156e-008 0.0144937
-1.03156e-008 0.0486755
-1.02156e-008 0.0358832
-1.01156e-008 0.0310667
-1.00156e-008 0.0205532
-9.91556e-009 0.00698412
-9.81556e-009 0.0155813
-9.71556e-009 0.0358314
-9.61556e-009 0.0213819
-9.51556e-009 0.0300827
-9.41556e-009 0.0225731
-9.31556e-009 0.00667337
-9.21556e-009 0.0139758
-9.11556e-009 0.0376441
-9.01556e-009 0.00781277
-8.91556e-009 0.0290469
-8.81556e-009 0.0189995
-8.71556e-009 0.0433411
-8.61556e-009 0.0466039
-8.51556e-009 0.0377995
-8.41556e-009 0.00568935
-8.31556e-009 0.0153742
-8.21556e-009 0.0263538
-8.11556e-009 -0.00705112
-8.01556e-009 0.0273896
-7.91556e-009 0.0230392
-7.81556e-009 0.031481
-7.71556e-009 0.0322579
-7.61556e-009 0.0226249
-7.51556e-009 0.00755381
-7.41556e-009 0.000821042
-7.31556e-009 0.0432375
-7.21556e-009 0.0500221
-7.11556e-009 0.0364529
-7.01556e-009 0.00382489
-6.91556e-009 0.0153742
-6.81556e-009 0.0338634
-6.71556e-009 0.0366083
-6.61556e-009 0.0277003
-6.51556e-009 0.0593444
-6.41556e-009 0.025318
-6.31556e-009 0.0179637
-6.21556e-009 0.00429101
-6.11556e-009 0.030756
-6.01556e-009 0.0471218
-5.91556e-009 0.0477433
-5.81556e-009 0.0353653
-5.71556e-009 0.00444638
-5.61556e-009 0.0266127
-5.51556e-009 0.0493488
-5.41556e-009 0.0388353
-5.31556e-009 0.0162028
-5.21556e-009 0.0307042
-5.11556e-009 0.0231428
-5.01556e-009 0.0195692
-4.91556e-009 0.0179119
-4.81556e-009 0.0322579
-4.71556e-009 0.0351064
-4.61556e-009 0.0226249
-4.51556e-009 0.0026855
-4.41556e-009 0.0302899
-4.31556e-009 0.0249036
-4.21556e-009 0.0170833
-4.11556e-009 0.0331383
-4.01556e-009 0.00895216
-3.91556e-009 0.0183262
-3.81556e-009 0.00454996
-3.71556e-009 0.0332419
-3.61556e-009 0.0186888
-3.51556e-009 0.0462931
-3.41556e-009 0.0121114
-3.31556e-009 -0.00109521
-3.21556e-009 0.0421499
-3.11556e-009 0.0398193
-3.01556e-009 0.0312221
-2.91556e-009 0.0308078
-2.81556e-009 0.0232463
-2.71556e-009 0.00791635
-2.61556e-009 0.00196043
-2.51556e-009 0.0341224
-2.41556e-009 0.0202425
-2.31556e-009 0.0447394
-2.21556e-009 0.0220552
-2.11556e-009 0.0185852
-2.01556e-009 0.0168243
-1.91556e-009 0.0322061
-1.81556e-009 0.0452055
-1.71556e-009 0.0488827
-1.61556e-009 0.0227802
-1.51556e-009 0.00341057
-1.41556e-009 0.0168761
-1.31556e-009 0.027286
-1.21556e-009 -0.00751724
-1.11556e-009 0.0270788
-1.01556e-009 0.0250072
-9.15556e-010 0.0102987
-8.15556e-010 -0.0118676
-7.15556e-010 0.00978081
-6.15556e-010 -0.0254368
-5.15556e-010 -0.0439778
-4.15556e-010 -0.0702874
-3.15556e-010 -0.0798686
-2.15556e-010 -0.109804
-1.15556e-010 -0.107214
-1.55558e-011 -0.15222
8.44442e-011 -0.209759
1.84444e-010 -0.253004
2.84444e-010 -0.276155
3.84444e-010 -0.307695
4.84444e-010 -0.38564
5.84444e-010 -0.362904
6.84444e-010 -0.401747
7.84444e-010 -0.437327
8.84444e-010 -0.466123
9.84444e-010 -0.491137
1.08444e-009 -0.500252
1.18444e-009 -0.558465
1.28444e-009 -0.541944
1.38444e-009 -0.522574
1.48444e-009 -0.509989
1.58444e-009 -0.498077
1.68444e-009 -0.520813
1.78444e-009 -0.532259
1.88444e-009 -0.487305
1.98444e-009 -0.496783
2.08444e-009 -0.456489
2.18444e-009 -0.419874
2.28444e-009 -0.422618
2.38444e-009 -0.38709
2.48444e-009 -0.383206
2.58444e-009 -0.344467
2.68444e-009 -0.33271
2.78444e-009 -0.282473
2.88444e-009 -0.248499
2.98444e-009 -0.250156
3.08444e-009 -0.230009
3.18444e-009 -0.199142
3.28444e-009 -0.170502
3.38444e-009 -0.145591
3.48444e-009 -0.128552
3.58444e-009 -0.130986
3.68444e-009 -0.114775
3.78444e-009 -0.129847
3.88444e-009 -0.0907446
3.98444e-009 -0.0957165
4.08444e-009 -0.100947
4.18444e-009 -0.100326
4.28444e-009 -0.11115
4.38444e-009 -0.111254
4.48444e-009 -0.125496
4.58444e-009 -0.113688
4.68444e-009 -0.11058
4.78444e-009 -0.114102
4.88444e-009 -0.0997562
4.98444e-009 -0.113584
5.08444e-009 -0.0907446
5.18444e-009 -0.0775898
5.28444e-009 -0.0445475
5.38444e-009 -0.0744306
5.48444e-009 -0.0527822
5.58444e-009 -0.0499855
5.68444e-009 -0.0216043
5.78444e-009 -0.0226401
5.88444e-009 -0.00710291
5.98444e-009 -0.0239866
6.08444e-009 0.00646621
6.18444e-009 -0.0296836
6.28444e-009 -0.0228472
6.38444e-009 -0.0247117
6.48444e-009 0.0126293
6.58444e-009 -0.0416472
6.68444e-009 -0.0370378
6.78444e-009 -0.0469816
6.88444e-009 -0.0292693
6.98444e-009 -0.0478103
7.08444e-009 -0.0216043
7.18444e-009 -0.0307194
7.28444e-009 -0.0338786
7.38444e-009 -0.0362092
7.48444e-009 -0.0235723
7.58444e-009 0.00460175
7.68444e-009 0.000147765
7.78444e-009 -0.0383326
7.88444e-009 0.00061388
7.98444e-009 -0.011039
8.08444e-009 -0.0365717
8.18444e-009 -0.00176849
8.28444e-009 0.0114381
8.38444e-009 0.00693233
8.48444e-009 0.00107999
8.58444e-009 0.0192585
8.68444e-009 0.00791635
8.78444e-009 0.0156331
8.88444e-009 0.0235053
8.98444e-009 -0.00575636
9.08444e-009 0.00579293
9.18444e-009 -0.0194291
9.28444e-009 0.00584472
9.38444e-009 -0.0066368
9.48444e-009 0.0168761
9.58444e-009 0.0220034
9.68444e-009 0.00537861
9.78444e-009 0.0193103
9.88444e-009 -0.00736186
9.98444e-009 0.0266645
1.00844e-008 0.0383692
1.01844e-008 0.00807172
1.02844e-008 0.0163064
1.03844e-008 -0.0033222
1.04844e-008 -0.00503129
1.05844e-008 -0.0127999
1.06844e-008 0.0356243
1.07844e-008 -0.00109521
1.08844e-008 0.000924623
1.09844e-008 0.00667337
1.10844e-008 -0.0106247
1.11844e-008 -0.0433563
1.12844e-008 0.0320507
1.13844e-008 -0.0121266
1.14844e-008 0.014183
1.15844e-008 -0.00746545
1.16844e-008 0.00781277
1.17844e-008 -0.00829409
1.18844e-008 0.00641442
1.19844e-008 0.00247834
1.20844e-008 0.0427196
1.21844e-008 0.0385246
1.22844e-008 0.00620726
1.23844e-008 0.0113345
1.24844e-008 0.0354171
1.25844e-008 0.0240232
1.26844e-008 0.017394
1.27844e-008 0.0194656
1.28844e-008 0.0102987
1.29844e-008 0.0010282
1.30844e-008 0.0342777
1.31844e-008 0.00941827
1.32844e-008 0.027286
1.33844e-008 0.0360386
1.34844e-008 0.00962543
1.35844e-008 0.0128364
1.36844e-008 0.0320507
1.37844e-008 0.0375923
1.38844e-008 0.0179637
1.39844e-008 0.030756
1.40844e-008 0.0216408
1.41844e-008 0.0280111
1.42844e-008 0.0507471
1.43844e-008 0.006518
1.44844e-008 0.0442215
1.45844e-008 -0.000214769
1.46844e-008 0.00330699
1.47844e-008 0.0133026
1.48844e-008 0.051265
1.49844e-008 0.0209676
1.50844e-008 0.0322061
1.51844e-008 -0.0044098
1.52844e-008 0.00460175
1.53844e-008 0.00413564
1.54844e-008 0.0340188
1.55844e-008 0.0219516
1.56844e-008 0.0189995
1.57844e-008 0.00589652
1.58844e-008 0.00677695
1.59844e-008 0.00548219
1.60844e-008 0.0183262
1.61844e-008 0.0317918
1.62844e-008 0.0345367
1.63844e-008 0.0207086
1.64844e-008 0.00491249
1.65844e-008 0.015167
1.66844e-008 0.0362458
1.67844e-008 0.0203461
1.68844e-008 0.0326722
1.69844e-008 0.00729486
1.70844e-008 0.0174976
1.71844e-008 0.0181191
1.72844e-008 0.0346921
1.73844e-008 0.0221587
1.74844e-008 0.00900395
1.75844e-008 -0.0108318
1.76844e-008 0.0205532
1.77844e-008 -0.00373653
1.78844e-008 0.0157885
1.79844e-008 0.018378
1.80844e-008 0.0338634
1.81844e-008 0.0211229
1.82844e-008 0.00703591
1.83844e-008 0.00139074
1.84844e-008 0.0331383
1.85844e-008 0.0221587
1.86844e-008 0.0307042
1.87844e-008 0.0220552
1.88844e-008 0.00418743
1.89844e-008 0.0300827
1.90844e-008 0.0230392
1.91844e-008 0.0306524
1.92844e-008 0.0337598
1.93844e-008 0.0206568
1.94844e-008 0.0201389
1.95844e-008 0.00475712
1.96844e-008 0.0302381
1.97844e-008 0.035935
1.98844e-008 0.0235571
1.99844e-008 0.00320341
2.00844e-008 0.0179119
2.01844e-008 0.0197246
2.02844e-008 0.0343813
2.03844e-008 0.0184816
2.04844e-008 0.0347956
2.05844e-008 -0.00373653
2.06844e-008 0.00289266
2.07844e-008 0.0060001
2.08844e-008 0.0207086
2.09844e-008 0.0203979
2.10844e-008 0.0167725
2.11844e-008 0.033708
2.12844e-008 0.00745023
2.13844e-008 0.0262502
2.14844e-008 0.0399229
2.15844e-008 -0.00585994
2.16844e-008 0.0254733
2.17844e-008 0.0236089
2.18844e-008 0.0226767
